155 00010001
190 00000000
209 00020001
244 00010001
263 00030002
317 00010001
352 00000000
371 00020001
390 00040003
463 00010001
498 00000000
517 00020001
552 00010001
571 00030002
590 00050005
682 00010001
717 00000000
736 00020001
771 00010001
790 00030002
844 00010001
879 00000000
898 00020001
917 00040003
936 00060008
1047 00010001
1082 00000000
1101 00020001
1136 00010001
1155 00030002
1209 00010001
1244 00000000
1263 00020001
1282 00040003
1355 00010001
1390 00000000
1409 00020001
1444 00010001
1463 00030002
1482 00050005
1501 0007000D
