000 00901 00000000 00000001 00000000 00000000 00000000 00000000 00000000 00000000 00000000 00000000 00000000 00000000 00000000 00000000 00000000 00000000
002 06E91 00000000 0000000B 00000000 00000000 00000000 00000000 00000000 00000000 00000000 00000001 00000000 00000000 00000000 00000000 00000000 00000000
004 10301 00000000 00000100 00000000 00000000 00000000 00000000 00000000 00000000 00000000 00000001 00000000 00000000 00000000 00000000 00000800 00000000
006 0FF10 00000000 0000000B 00000000 00000007 00000000 00000000 00000000 00000000 00000000 00000001 00000000 00000000 00000000 00000000 00000800 00000000
00B 00EE1 00000000 FFFFFFFD 00000000 00000007 00000000 00000000 00000000 00000000 00000000 00000001 00000000 00000000 00000000 00000000 00000800 00000008
00D 11AE1 00000000 00000002 00000000 00000007 00000000 00000000 00000000 00000000 00000000 00000001 00000000 00000000 00000000 00000000 000007FD 00000008
00F 11FE1 00000000 00000001 00000000 00000007 00000000 00000000 00000000 00000000 00000000 00000001 00000000 00000000 00000000 00000000 000007FD 00000008
011 113E1 00000000 00000000 00000000 00000007 00000000 00000000 00000000 00000000 00000000 00000001 00000000 00000000 00000000 00000000 000007FD 00000008
013 00901 00000000 00000001 00000000 00000007 00000000 00000000 00000000 00000000 00000000 00000001 00000000 00000000 00000000 00000000 000007FD 00000008
015 0C139 00000000 0000001A 00000000 00000007 00000000 00000000 00000000 00000000 00000000 00000001 00000000 00000000 00000000 00000000 000007FD 00000008
01A 01331 00000000 00000001 00000000 00000007 00000000 00000000 00000000 00000000 00000000 00000001 00000000 00000000 00000000 00000000 000007FD 00000008
01C 0FF10 00000000 0000000B 00000000 00000006 00000000 00000000 00000000 00000000 00000000 00000001 00000000 00000000 00000000 00000000 000007FD 00000008
00B 00EE1 00000000 FFFFFFFD 00000000 00000006 00000000 00000000 00000000 00000000 00000000 00000001 00000000 00000000 00000000 00000000 000007FD 0000001E
00D 11AE1 00000000 00000002 00000000 00000006 00000000 00000000 00000000 00000000 00000000 00000001 00000000 00000000 00000000 00000000 000007FA 0000001E
00F 11FE1 00000000 00000001 00000000 00000006 00000000 00000000 00000000 00000000 00000000 00000001 00000000 00000000 00000000 00000000 000007FA 0000001E
011 113E1 00000000 00000000 00000000 00000006 00000000 00000000 00000000 00000000 00000000 00000001 00000000 00000000 00000000 00000000 000007FA 0000001E
013 00901 00000000 00000001 00000000 00000006 00000000 00000000 00000000 00000000 00000000 00000001 00000000 00000000 00000000 00000000 000007FA 0000001E
015 0C139 00000000 0000001A 00000000 00000006 00000000 00000000 00000000 00000000 00000000 00000001 00000000 00000000 00000000 00000000 000007FA 0000001E
01A 01331 00000000 00000001 00000000 00000006 00000000 00000000 00000000 00000000 00000000 00000001 00000000 00000000 00000000 00000000 000007FA 0000001E
01C 0FF10 00000000 0000000B 00000000 00000005 00000000 00000000 00000000 00000000 00000000 00000001 00000000 00000000 00000000 00000000 000007FA 0000001E
00B 00EE1 00000000 FFFFFFFD 00000000 00000005 00000000 00000000 00000000 00000000 00000000 00000001 00000000 00000000 00000000 00000000 000007FA 0000001E
00D 11AE1 00000000 00000002 00000000 00000005 00000000 00000000 00000000 00000000 00000000 00000001 00000000 00000000 00000000 00000000 000007F7 0000001E
00F 11FE1 00000000 00000001 00000000 00000005 00000000 00000000 00000000 00000000 00000000 00000001 00000000 00000000 00000000 00000000 000007F7 0000001E
011 113E1 00000000 00000000 00000000 00000005 00000000 00000000 00000000 00000000 00000000 00000001 00000000 00000000 00000000 00000000 000007F7 0000001E
013 00901 00000000 00000001 00000000 00000005 00000000 00000000 00000000 00000000 00000000 00000001 00000000 00000000 00000000 00000000 000007F7 0000001E
015 0C139 00000000 0000001A 00000000 00000005 00000000 00000000 00000000 00000000 00000000 00000001 00000000 00000000 00000000 00000000 000007F7 0000001E
01A 01331 00000000 00000001 00000000 00000005 00000000 00000000 00000000 00000000 00000000 00000001 00000000 00000000 00000000 00000000 000007F7 0000001E
01C 0FF10 00000000 0000000B 00000000 00000004 00000000 00000000 00000000 00000000 00000000 00000001 00000000 00000000 00000000 00000000 000007F7 0000001E
00B 00EE1 00000000 FFFFFFFD 00000000 00000004 00000000 00000000 00000000 00000000 00000000 00000001 00000000 00000000 00000000 00000000 000007F7 0000001E
00D 11AE1 00000000 00000002 00000000 00000004 00000000 00000000 00000000 00000000 00000000 00000001 00000000 00000000 00000000 00000000 000007F4 0000001E
00F 11FE1 00000000 00000001 00000000 00000004 00000000 00000000 00000000 00000000 00000000 00000001 00000000 00000000 00000000 00000000 000007F4 0000001E
011 113E1 00000000 00000000 00000000 00000004 00000000 00000000 00000000 00000000 00000000 00000001 00000000 00000000 00000000 00000000 000007F4 0000001E
013 00901 00000000 00000001 00000000 00000004 00000000 00000000 00000000 00000000 00000000 00000001 00000000 00000000 00000000 00000000 000007F4 0000001E
015 0C139 00000000 0000001A 00000000 00000004 00000000 00000000 00000000 00000000 00000000 00000001 00000000 00000000 00000000 00000000 000007F4 0000001E
01A 01331 00000000 00000001 00000000 00000004 00000000 00000000 00000000 00000000 00000000 00000001 00000000 00000000 00000000 00000000 000007F4 0000001E
01C 0FF10 00000000 0000000B 00000000 00000003 00000000 00000000 00000000 00000000 00000000 00000001 00000000 00000000 00000000 00000000 000007F4 0000001E
00B 00EE1 00000000 FFFFFFFD 00000000 00000003 00000000 00000000 00000000 00000000 00000000 00000001 00000000 00000000 00000000 00000000 000007F4 0000001E
00D 11AE1 00000000 00000002 00000000 00000003 00000000 00000000 00000000 00000000 00000000 00000001 00000000 00000000 00000000 00000000 000007F1 0000001E
00F 11FE1 00000000 00000001 00000000 00000003 00000000 00000000 00000000 00000000 00000000 00000001 00000000 00000000 00000000 00000000 000007F1 0000001E
011 113E1 00000000 00000000 00000000 00000003 00000000 00000000 00000000 00000000 00000000 00000001 00000000 00000000 00000000 00000000 000007F1 0000001E
013 00901 00000000 00000001 00000000 00000003 00000000 00000000 00000000 00000000 00000000 00000001 00000000 00000000 00000000 00000000 000007F1 0000001E
015 0C139 00000000 0000001A 00000000 00000003 00000000 00000000 00000000 00000000 00000000 00000001 00000000 00000000 00000000 00000000 000007F1 0000001E
01A 01331 00000000 00000001 00000000 00000003 00000000 00000000 00000000 00000000 00000000 00000001 00000000 00000000 00000000 00000000 000007F1 0000001E
01C 0FF10 00000000 0000000B 00000000 00000002 00000000 00000000 00000000 00000000 00000000 00000001 00000000 00000000 00000000 00000000 000007F1 0000001E
00B 00EE1 00000000 FFFFFFFD 00000000 00000002 00000000 00000000 00000000 00000000 00000000 00000001 00000000 00000000 00000000 00000000 000007F1 0000001E
00D 11AE1 00000000 00000002 00000000 00000002 00000000 00000000 00000000 00000000 00000000 00000001 00000000 00000000 00000000 00000000 000007EE 0000001E
00F 11FE1 00000000 00000001 00000000 00000002 00000000 00000000 00000000 00000000 00000000 00000001 00000000 00000000 00000000 00000000 000007EE 0000001E
011 113E1 00000000 00000000 00000000 00000002 00000000 00000000 00000000 00000000 00000000 00000001 00000000 00000000 00000000 00000000 000007EE 0000001E
013 00901 00000000 00000001 00000000 00000002 00000000 00000000 00000000 00000000 00000000 00000001 00000000 00000000 00000000 00000000 000007EE 0000001E
015 0C139 00000000 0000001A 00000000 00000002 00000000 00000000 00000000 00000000 00000000 00000001 00000000 00000000 00000000 00000000 000007EE 0000001E
01A 01331 00000000 00000001 00000000 00000002 00000000 00000000 00000000 00000000 00000000 00000001 00000000 00000000 00000000 00000000 000007EE 0000001E
01C 0FF10 00000000 0000000B 00000000 00000001 00000000 00000000 00000000 00000000 00000000 00000001 00000000 00000000 00000000 00000000 000007EE 0000001E
00B 00EE1 00000000 FFFFFFFD 00000000 00000001 00000000 00000000 00000000 00000000 00000000 00000001 00000000 00000000 00000000 00000000 000007EE 0000001E
00D 11AE1 00000000 00000002 00000000 00000001 00000000 00000000 00000000 00000000 00000000 00000001 00000000 00000000 00000000 00000000 000007EB 0000001E
00F 11FE1 00000000 00000001 00000000 00000001 00000000 00000000 00000000 00000000 00000000 00000001 00000000 00000000 00000000 00000000 000007EB 0000001E
011 113E1 00000000 00000000 00000000 00000001 00000000 00000000 00000000 00000000 00000000 00000001 00000000 00000000 00000000 00000000 000007EB 0000001E
013 00901 00000000 00000001 00000000 00000001 00000000 00000000 00000000 00000000 00000000 00000001 00000000 00000000 00000000 00000000 000007EB 0000001E
015 0C139 00000000 0000001A 00000000 00000001 00000000 00000000 00000000 00000000 00000000 00000001 00000000 00000000 00000000 00000000 000007EB 0000001E
017 00230 00000000 00000000 00000000 00000001 00000000 00000000 00000000 00000000 00000000 00000001 00000000 00000000 00000000 00000000 000007EB 0000001E
018 09100 00000000 0000002C 00000001 00000001 00000000 00000000 00000000 00000000 00000000 00000001 00000000 00000000 00000000 00000000 000007EB 0000001E
02C 00EE1 00000000 00000003 00000001 00000001 00000000 00000000 00000000 00000000 00000000 00000001 00000000 00000000 00000000 00000000 000007EB 0000001E
02E 00730 00000000 00000000 00000001 00000001 00000000 00000000 00000000 00000000 00000000 00000001 00000000 00000000 00000000 00000000 000007EE 0000001E
02F 06771 00000000 00000010 00000001 00000001 00000000 00000000 00000000 00000001 00000000 00000001 00000000 00000000 00000000 00000000 000007EE 0000001E
031 00772 00000000 00000000 00000001 00000001 00000000 00000000 00000000 00010000 00000000 00000001 00000000 00000000 00000000 00000000 000007EE 0000001E
032 09F00 00000000 00000000 00000001 00000001 00000000 00000000 00000000 00010001 00000000 00000001 00000000 00000000 00000000 00000000 000007EE 0000001E
01E 00A20 00000000 00000000 00000001 00000001 00000000 00000000 00000000 00010001 00000000 00000001 00000000 00000000 00000000 00000000 000007EE 0000001E
01F 103E1 00000000 00000000 00000001 00000001 00000000 00000000 00000000 00010001 00000000 00000001 00000001 00000000 00000000 00000000 000007EE 0000001E
021 01331 00000000 00000002 00000001 00000002 00000000 00000000 00000000 00010001 00000000 00000001 00000001 00000000 00000000 00000000 000007EE 0000001E
023 0FF10 00000000 0000000B 00000001 00000000 00000000 00000000 00000000 00010001 00000000 00000001 00000001 00000000 00000000 00000000 000007EE 0000001E
00B 00EE1 00000000 FFFFFFFD 00000001 00000000 00000000 00000000 00000000 00010001 00000000 00000001 00000001 00000000 00000000 00000000 000007EE 00000025
00D 11AE1 00000000 00000002 00000001 00000000 00000000 00000000 00000000 00010001 00000000 00000001 00000001 00000000 00000000 00000000 000007EB 00000025
00F 11FE1 00000000 00000001 00000001 00000000 00000000 00000000 00000000 00010001 00000000 00000001 00000001 00000000 00000000 00000000 000007EB 00000025
011 113E1 00000000 00000000 00000001 00000000 00000000 00000000 00000000 00010001 00000000 00000001 00000001 00000000 00000000 00000000 000007EB 00000025
013 00901 00000000 00000001 00000001 00000000 00000000 00000000 00000000 00010001 00000000 00000001 00000001 00000000 00000000 00000000 000007EB 00000025
015 0C139 00000000 0000001A 00000001 00000000 00000000 00000000 00000000 00010001 00000000 00000001 00000001 00000000 00000000 00000000 000007EB 00000025
017 00230 00000000 00000000 00000001 00000000 00000000 00000000 00000000 00010001 00000000 00000001 00000001 00000000 00000000 00000000 000007EB 00000025
018 09100 00000000 0000002C 00000000 00000000 00000000 00000000 00000000 00010001 00000000 00000001 00000001 00000000 00000000 00000000 000007EB 00000025
02C 00EE1 00000000 00000003 00000000 00000000 00000000 00000000 00000000 00010001 00000000 00000001 00000001 00000000 00000000 00000000 000007EB 00000025
02E 00730 00000000 00000000 00000000 00000000 00000000 00000000 00000000 00010001 00000000 00000001 00000001 00000000 00000000 00000000 000007EE 00000025
02F 06771 00000000 00000010 00000000 00000000 00000000 00000000 00000000 00000000 00000000 00000001 00000001 00000000 00000000 00000000 000007EE 00000025
031 00772 00000000 00000000 00000000 00000000 00000000 00000000 00000000 00000000 00000000 00000001 00000001 00000000 00000000 00000000 000007EE 00000025
032 09F00 00000000 00000000 00000000 00000000 00000000 00000000 00000000 00000000 00000000 00000001 00000001 00000000 00000000 00000000 000007EE 00000025
025 0022A 00000000 00000000 00000000 00000000 00000000 00000000 00000000 00000000 00000000 00000001 00000001 00000000 00000000 00000000 000007EE 00000025
026 103E1 00000000 00000000 00000001 00000000 00000000 00000000 00000000 00000000 00000000 00000001 00000001 00000000 00000000 00000000 000007EE 00000025
028 10FE1 00000000 00000001 00000001 00000002 00000000 00000000 00000000 00000000 00000000 00000001 00000001 00000000 00000000 00000000 000007EE 00000025
02A 10AE1 00000000 00000002 00000001 00000002 00000000 00000000 00000000 00000000 00000000 00000001 00000001 00000000 00000000 00000000 000007EE 0000001E
02C 00EE1 00000000 00000003 00000001 00000002 00000000 00000000 00000000 00000000 00000000 00000001 00000000 00000000 00000000 00000000 000007EE 0000001E
02E 00730 00000000 00000000 00000001 00000002 00000000 00000000 00000000 00000000 00000000 00000001 00000000 00000000 00000000 00000000 000007F1 0000001E
02F 06771 00000000 00000010 00000001 00000002 00000000 00000000 00000000 00000002 00000000 00000001 00000000 00000000 00000000 00000000 000007F1 0000001E
031 00772 00000000 00000000 00000001 00000002 00000000 00000000 00000000 00020000 00000000 00000001 00000000 00000000 00000000 00000000 000007F1 0000001E
032 09F00 00000000 00000000 00000001 00000002 00000000 00000000 00000000 00020001 00000000 00000001 00000000 00000000 00000000 00000000 000007F1 0000001E
01E 00A20 00000000 00000000 00000001 00000002 00000000 00000000 00000000 00020001 00000000 00000001 00000000 00000000 00000000 00000000 000007F1 0000001E
01F 103E1 00000000 00000000 00000001 00000002 00000000 00000000 00000000 00020001 00000000 00000001 00000001 00000000 00000000 00000000 000007F1 0000001E
021 01331 00000000 00000002 00000001 00000003 00000000 00000000 00000000 00020001 00000000 00000001 00000001 00000000 00000000 00000000 000007F1 0000001E
023 0FF10 00000000 0000000B 00000001 00000001 00000000 00000000 00000000 00020001 00000000 00000001 00000001 00000000 00000000 00000000 000007F1 0000001E
00B 00EE1 00000000 FFFFFFFD 00000001 00000001 00000000 00000000 00000000 00020001 00000000 00000001 00000001 00000000 00000000 00000000 000007F1 00000025
00D 11AE1 00000000 00000002 00000001 00000001 00000000 00000000 00000000 00020001 00000000 00000001 00000001 00000000 00000000 00000000 000007EE 00000025
00F 11FE1 00000000 00000001 00000001 00000001 00000000 00000000 00000000 00020001 00000000 00000001 00000001 00000000 00000000 00000000 000007EE 00000025
011 113E1 00000000 00000000 00000001 00000001 00000000 00000000 00000000 00020001 00000000 00000001 00000001 00000000 00000000 00000000 000007EE 00000025
013 00901 00000000 00000001 00000001 00000001 00000000 00000000 00000000 00020001 00000000 00000001 00000001 00000000 00000000 00000000 000007EE 00000025
