000 10701 00000000 00000100 00000000 00000000 00000000 00000000 00000000 00000000 00000000 00000000 00000000 00000000 00000000 00000000 00000000 00000000
002 10801 00000000 00000101 00000000 00000000 00000000 00000000 00000000 00000000 00000000 00000000 00000000 00000000 00000000 00000000 00000000 00000000
004 00A01 00000000 0007FFFF 00000000 00000000 00000000 00000000 00000000 00000000 00000001 00000000 00000000 00000000 00000000 00000000 00000000 00000000
006 00B01 00000000 00000001 00000000 00000000 00000000 00000000 00000000 00000000 00000001 00000000 0007FFFF 00000000 00000000 00000000 00000000 00000000
008 00D01 00000000 00000102 00000000 00000000 00000000 00000000 00000000 00000000 00000001 00000000 0007FFFF 00000001 00000000 00000000 00000000 00000000
00A 0FF10 00000000 0000000D 00000000 00000000 00000000 00000000 00000000 00000000 00000001 00000000 0007FFFF 00000001 00000000 00000102 00000000 00000000
00D 00778 00000000 00000000 00000000 00000000 00000000 00000000 00000000 00000000 00000001 00000000 0007FFFF 00000001 00000000 00000102 00000000 0000000C
00E 0CF7A 00000000 00000000 00000000 00000000 00000000 00000000 00000000 00000001 00000001 00000000 0007FFFF 00000001 00000000 00000102 00000000 0000000C
00F 1170D 00000000 00000000 00000000 00000000 00000000 00000000 00000000 00000001 00000001 00000000 0007FFFF 00000001 00000000 00000102 00000000 0000000C
010 00DDB 00000000 00000000 00000000 00000000 00000000 00000000 00000000 00000001 00000001 00000000 0007FFFF 00000001 00000000 00000102 00000000 0000000C
011 00878 00000000 00000000 00000000 00000000 00000000 00000000 00000000 00000001 00000001 00000000 0007FFFF 00000001 00000000 00000103 00000000 0000000C
012 0CF8A 00000000 00000000 00000000 00000000 00000000 00000000 00000000 00000001 00000002 00000000 0007FFFF 00000001 00000000 00000103 00000000 0000000C
013 1180D 00000000 00000000 00000000 00000000 00000000 00000000 00000000 00000001 00000002 00000000 0007FFFF 00000001 00000000 00000103 00000000 0000000C
014 00DDB 00000000 00000000 00000000 00000000 00000000 00000000 00000000 00000001 00000002 00000000 0007FFFF 00000001 00000000 00000103 00000000 0000000C
015 0A10B 00000000 0000000D 00000000 00000000 00000000 00000000 00000000 00000001 00000002 00000000 0007FFFF 00000001 00000000 00000104 00000000 0000000C
00D 00778 00000000 00000000 00000000 00000000 00000000 00000000 00000000 00000001 00000002 00000000 0007FFFF 00000001 00000000 00000104 00000000 0000000C
00E 0CF7A 00000000 00000000 00000000 00000000 00000000 00000000 00000000 00000003 00000002 00000000 0007FFFF 00000001 00000000 00000104 00000000 0000000C
00F 1170D 00000000 00000000 00000000 00000000 00000000 00000000 00000000 00000003 00000002 00000000 0007FFFF 00000001 00000000 00000104 00000000 0000000C
010 00DDB 00000000 00000000 00000000 00000000 00000000 00000000 00000000 00000003 00000002 00000000 0007FFFF 00000001 00000000 00000104 00000000 0000000C
011 00878 00000000 00000000 00000000 00000000 00000000 00000000 00000000 00000003 00000002 00000000 0007FFFF 00000001 00000000 00000105 00000000 0000000C
012 0CF8A 00000000 00000000 00000000 00000000 00000000 00000000 00000000 00000003 00000005 00000000 0007FFFF 00000001 00000000 00000105 00000000 0000000C
013 1180D 00000000 00000000 00000000 00000000 00000000 00000000 00000000 00000003 00000005 00000000 0007FFFF 00000001 00000000 00000105 00000000 0000000C
014 00DDB 00000000 00000000 00000000 00000000 00000000 00000000 00000000 00000003 00000005 00000000 0007FFFF 00000001 00000000 00000105 00000000 0000000C
015 0A10B 00000000 0000000D 00000000 00000000 00000000 00000000 00000000 00000003 00000005 00000000 0007FFFF 00000001 00000000 00000106 00000000 0000000C
00D 00778 00000000 00000000 00000000 00000000 00000000 00000000 00000000 00000003 00000005 00000000 0007FFFF 00000001 00000000 00000106 00000000 0000000C
00E 0CF7A 00000000 00000000 00000000 00000000 00000000 00000000 00000000 00000008 00000005 00000000 0007FFFF 00000001 00000000 00000106 00000000 0000000C
00F 1170D 00000000 00000000 00000000 00000000 00000000 00000000 00000000 00000008 00000005 00000000 0007FFFF 00000001 00000000 00000106 00000000 0000000C
010 00DDB 00000000 00000000 00000000 00000000 00000000 00000000 00000000 00000008 00000005 00000000 0007FFFF 00000001 00000000 00000106 00000000 0000000C
011 00878 00000000 00000000 00000000 00000000 00000000 00000000 00000000 00000008 00000005 00000000 0007FFFF 00000001 00000000 00000107 00000000 0000000C
012 0CF8A 00000000 00000000 00000000 00000000 00000000 00000000 00000000 00000008 0000000D 00000000 0007FFFF 00000001 00000000 00000107 00000000 0000000C
013 1180D 00000000 00000000 00000000 00000000 00000000 00000000 00000000 00000008 0000000D 00000000 0007FFFF 00000001 00000000 00000107 00000000 0000000C
014 00DDB 00000000 00000000 00000000 00000000 00000000 00000000 00000000 00000008 0000000D 00000000 0007FFFF 00000001 00000000 00000107 00000000 0000000C
015 0A10B 00000000 0000000D 00000000 00000000 00000000 00000000 00000000 00000008 0000000D 00000000 0007FFFF 00000001 00000000 00000108 00000000 0000000C
00D 00778 00000000 00000000 00000000 00000000 00000000 00000000 00000000 00000008 0000000D 00000000 0007FFFF 00000001 00000000 00000108 00000000 0000000C
00E 0CF7A 00000000 00000000 00000000 00000000 00000000 00000000 00000000 00000015 0000000D 00000000 0007FFFF 00000001 00000000 00000108 00000000 0000000C
00F 1170D 00000000 00000000 00000000 00000000 00000000 00000000 00000000 00000015 0000000D 00000000 0007FFFF 00000001 00000000 00000108 00000000 0000000C
010 00DDB 00000000 00000000 00000000 00000000 00000000 00000000 00000000 00000015 0000000D 00000000 0007FFFF 00000001 00000000 00000108 00000000 0000000C
011 00878 00000000 00000000 00000000 00000000 00000000 00000000 00000000 00000015 0000000D 00000000 0007FFFF 00000001 00000000 00000109 00000000 0000000C
012 0CF8A 00000000 00000000 00000000 00000000 00000000 00000000 00000000 00000015 00000022 00000000 0007FFFF 00000001 00000000 00000109 00000000 0000000C
013 1180D 00000000 00000000 00000000 00000000 00000000 00000000 00000000 00000015 00000022 00000000 0007FFFF 00000001 00000000 00000109 00000000 0000000C
014 00DDB 00000000 00000000 00000000 00000000 00000000 00000000 00000000 00000015 00000022 00000000 0007FFFF 00000001 00000000 00000109 00000000 0000000C
015 0A10B 00000000 0000000D 00000000 00000000 00000000 00000000 00000000 00000015 00000022 00000000 0007FFFF 00000001 00000000 0000010A 00000000 0000000C
00D 00778 00000000 00000000 00000000 00000000 00000000 00000000 00000000 00000015 00000022 00000000 0007FFFF 00000001 00000000 0000010A 00000000 0000000C
00E 0CF7A 00000000 00000000 00000000 00000000 00000000 00000000 00000000 00000037 00000022 00000000 0007FFFF 00000001 00000000 0000010A 00000000 0000000C
00F 1170D 00000000 00000000 00000000 00000000 00000000 00000000 00000000 00000037 00000022 00000000 0007FFFF 00000001 00000000 0000010A 00000000 0000000C
010 00DDB 00000000 00000000 00000000 00000000 00000000 00000000 00000000 00000037 00000022 00000000 0007FFFF 00000001 00000000 0000010A 00000000 0000000C
011 00878 00000000 00000000 00000000 00000000 00000000 00000000 00000000 00000037 00000022 00000000 0007FFFF 00000001 00000000 0000010B 00000000 0000000C
012 0CF8A 00000000 00000000 00000000 00000000 00000000 00000000 00000000 00000037 00000059 00000000 0007FFFF 00000001 00000000 0000010B 00000000 0000000C
013 1180D 00000000 00000000 00000000 00000000 00000000 00000000 00000000 00000037 00000059 00000000 0007FFFF 00000001 00000000 0000010B 00000000 0000000C
014 00DDB 00000000 00000000 00000000 00000000 00000000 00000000 00000000 00000037 00000059 00000000 0007FFFF 00000001 00000000 0000010B 00000000 0000000C
015 0A10B 00000000 0000000D 00000000 00000000 00000000 00000000 00000000 00000037 00000059 00000000 0007FFFF 00000001 00000000 0000010C 00000000 0000000C
00D 00778 00000000 00000000 00000000 00000000 00000000 00000000 00000000 00000037 00000059 00000000 0007FFFF 00000001 00000000 0000010C 00000000 0000000C
00E 0CF7A 00000000 00000000 00000000 00000000 00000000 00000000 00000000 00000090 00000059 00000000 0007FFFF 00000001 00000000 0000010C 00000000 0000000C
00F 1170D 00000000 00000000 00000000 00000000 00000000 00000000 00000000 00000090 00000059 00000000 0007FFFF 00000001 00000000 0000010C 00000000 0000000C
010 00DDB 00000000 00000000 00000000 00000000 00000000 00000000 00000000 00000090 00000059 00000000 0007FFFF 00000001 00000000 0000010C 00000000 0000000C
011 00878 00000000 00000000 00000000 00000000 00000000 00000000 00000000 00000090 00000059 00000000 0007FFFF 00000001 00000000 0000010D 00000000 0000000C
012 0CF8A 00000000 00000000 00000000 00000000 00000000 00000000 00000000 00000090 000000E9 00000000 0007FFFF 00000001 00000000 0000010D 00000000 0000000C
013 1180D 00000000 00000000 00000000 00000000 00000000 00000000 00000000 00000090 000000E9 00000000 0007FFFF 00000001 00000000 0000010D 00000000 0000000C
014 00DDB 00000000 00000000 00000000 00000000 00000000 00000000 00000000 00000090 000000E9 00000000 0007FFFF 00000001 00000000 0000010D 00000000 0000000C
015 0A10B 00000000 0000000D 00000000 00000000 00000000 00000000 00000000 00000090 000000E9 00000000 0007FFFF 00000001 00000000 0000010E 00000000 0000000C
00D 00778 00000000 00000000 00000000 00000000 00000000 00000000 00000000 00000090 000000E9 00000000 0007FFFF 00000001 00000000 0000010E 00000000 0000000C
00E 0CF7A 00000000 00000000 00000000 00000000 00000000 00000000 00000000 00000179 000000E9 00000000 0007FFFF 00000001 00000000 0000010E 00000000 0000000C
00F 1170D 00000000 00000000 00000000 00000000 00000000 00000000 00000000 00000179 000000E9 00000000 0007FFFF 00000001 00000000 0000010E 00000000 0000000C
010 00DDB 00000000 00000000 00000000 00000000 00000000 00000000 00000000 00000179 000000E9 00000000 0007FFFF 00000001 00000000 0000010E 00000000 0000000C
011 00878 00000000 00000000 00000000 00000000 00000000 00000000 00000000 00000179 000000E9 00000000 0007FFFF 00000001 00000000 0000010F 00000000 0000000C
012 0CF8A 00000000 00000000 00000000 00000000 00000000 00000000 00000000 00000179 00000262 00000000 0007FFFF 00000001 00000000 0000010F 00000000 0000000C
013 1180D 00000000 00000000 00000000 00000000 00000000 00000000 00000000 00000179 00000262 00000000 0007FFFF 00000001 00000000 0000010F 00000000 0000000C
014 00DDB 00000000 00000000 00000000 00000000 00000000 00000000 00000000 00000179 00000262 00000000 0007FFFF 00000001 00000000 0000010F 00000000 0000000C
015 0A10B 00000000 0000000D 00000000 00000000 00000000 00000000 00000000 00000179 00000262 00000000 0007FFFF 00000001 00000000 00000110 00000000 0000000C
00D 00778 00000000 00000000 00000000 00000000 00000000 00000000 00000000 00000179 00000262 00000000 0007FFFF 00000001 00000000 00000110 00000000 0000000C
00E 0CF7A 00000000 00000000 00000000 00000000 00000000 00000000 00000000 000003DB 00000262 00000000 0007FFFF 00000001 00000000 00000110 00000000 0000000C
00F 1170D 00000000 00000000 00000000 00000000 00000000 00000000 00000000 000003DB 00000262 00000000 0007FFFF 00000001 00000000 00000110 00000000 0000000C
010 00DDB 00000000 00000000 00000000 00000000 00000000 00000000 00000000 000003DB 00000262 00000000 0007FFFF 00000001 00000000 00000110 00000000 0000000C
011 00878 00000000 00000000 00000000 00000000 00000000 00000000 00000000 000003DB 00000262 00000000 0007FFFF 00000001 00000000 00000111 00000000 0000000C
012 0CF8A 00000000 00000000 00000000 00000000 00000000 00000000 00000000 000003DB 0000063D 00000000 0007FFFF 00000001 00000000 00000111 00000000 0000000C
013 1180D 00000000 00000000 00000000 00000000 00000000 00000000 00000000 000003DB 0000063D 00000000 0007FFFF 00000001 00000000 00000111 00000000 0000000C
014 00DDB 00000000 00000000 00000000 00000000 00000000 00000000 00000000 000003DB 0000063D 00000000 0007FFFF 00000001 00000000 00000111 00000000 0000000C
015 0A10B 00000000 0000000D 00000000 00000000 00000000 00000000 00000000 000003DB 0000063D 00000000 0007FFFF 00000001 00000000 00000112 00000000 0000000C
00D 00778 00000000 00000000 00000000 00000000 00000000 00000000 00000000 000003DB 0000063D 00000000 0007FFFF 00000001 00000000 00000112 00000000 0000000C
00E 0CF7A 00000000 00000000 00000000 00000000 00000000 00000000 00000000 00000A18 0000063D 00000000 0007FFFF 00000001 00000000 00000112 00000000 0000000C
00F 1170D 00000000 00000000 00000000 00000000 00000000 00000000 00000000 00000A18 0000063D 00000000 0007FFFF 00000001 00000000 00000112 00000000 0000000C
010 00DDB 00000000 00000000 00000000 00000000 00000000 00000000 00000000 00000A18 0000063D 00000000 0007FFFF 00000001 00000000 00000112 00000000 0000000C
011 00878 00000000 00000000 00000000 00000000 00000000 00000000 00000000 00000A18 0000063D 00000000 0007FFFF 00000001 00000000 00000113 00000000 0000000C
012 0CF8A 00000000 00000000 00000000 00000000 00000000 00000000 00000000 00000A18 00001055 00000000 0007FFFF 00000001 00000000 00000113 00000000 0000000C
013 1180D 00000000 00000000 00000000 00000000 00000000 00000000 00000000 00000A18 00001055 00000000 0007FFFF 00000001 00000000 00000113 00000000 0000000C
014 00DDB 00000000 00000000 00000000 00000000 00000000 00000000 00000000 00000A18 00001055 00000000 0007FFFF 00000001 00000000 00000113 00000000 0000000C
015 0A10B 00000000 0000000D 00000000 00000000 00000000 00000000 00000000 00000A18 00001055 00000000 0007FFFF 00000001 00000000 00000114 00000000 0000000C
00D 00778 00000000 00000000 00000000 00000000 00000000 00000000 00000000 00000A18 00001055 00000000 0007FFFF 00000001 00000000 00000114 00000000 0000000C
00E 0CF7A 00000000 00000000 00000000 00000000 00000000 00000000 00000000 00001A6D 00001055 00000000 0007FFFF 00000001 00000000 00000114 00000000 0000000C
00F 1170D 00000000 00000000 00000000 00000000 00000000 00000000 00000000 00001A6D 00001055 00000000 0007FFFF 00000001 00000000 00000114 00000000 0000000C
010 00DDB 00000000 00000000 00000000 00000000 00000000 00000000 00000000 00001A6D 00001055 00000000 0007FFFF 00000001 00000000 00000114 00000000 0000000C
011 00878 00000000 00000000 00000000 00000000 00000000 00000000 00000000 00001A6D 00001055 00000000 0007FFFF 00000001 00000000 00000115 00000000 0000000C
012 0CF8A 00000000 00000000 00000000 00000000 00000000 00000000 00000000 00001A6D 00002AC2 00000000 0007FFFF 00000001 00000000 00000115 00000000 0000000C
013 1180D 00000000 00000000 00000000 00000000 00000000 00000000 00000000 00001A6D 00002AC2 00000000 0007FFFF 00000001 00000000 00000115 00000000 0000000C
014 00DDB 00000000 00000000 00000000 00000000 00000000 00000000 00000000 00001A6D 00002AC2 00000000 0007FFFF 00000001 00000000 00000115 00000000 0000000C
015 0A10B 00000000 0000000D 00000000 00000000 00000000 00000000 00000000 00001A6D 00002AC2 00000000 0007FFFF 00000001 00000000 00000116 00000000 0000000C
00D 00778 00000000 00000000 00000000 00000000 00000000 00000000 00000000 00001A6D 00002AC2 00000000 0007FFFF 00000001 00000000 00000116 00000000 0000000C
00E 0CF7A 00000000 00000000 00000000 00000000 00000000 00000000 00000000 0000452F 00002AC2 00000000 0007FFFF 00000001 00000000 00000116 00000000 0000000C
00F 1170D 00000000 00000000 00000000 00000000 00000000 00000000 00000000 0000452F 00002AC2 00000000 0007FFFF 00000001 00000000 00000116 00000000 0000000C
010 00DDB 00000000 00000000 00000000 00000000 00000000 00000000 00000000 0000452F 00002AC2 00000000 0007FFFF 00000001 00000000 00000116 00000000 0000000C
011 00878 00000000 00000000 00000000 00000000 00000000 00000000 00000000 0000452F 00002AC2 00000000 0007FFFF 00000001 00000000 00000117 00000000 0000000C
012 0CF8A 00000000 00000000 00000000 00000000 00000000 00000000 00000000 0000452F 00006FF1 00000000 0007FFFF 00000001 00000000 00000117 00000000 0000000C
013 1180D 00000000 00000000 00000000 00000000 00000000 00000000 00000000 0000452F 00006FF1 00000000 0007FFFF 00000001 00000000 00000117 00000000 0000000C
014 00DDB 00000000 00000000 00000000 00000000 00000000 00000000 00000000 0000452F 00006FF1 00000000 0007FFFF 00000001 00000000 00000117 00000000 0000000C
015 0A10B 00000000 0000000D 00000000 00000000 00000000 00000000 00000000 0000452F 00006FF1 00000000 0007FFFF 00000001 00000000 00000118 00000000 0000000C
00D 00778 00000000 00000000 00000000 00000000 00000000 00000000 00000000 0000452F 00006FF1 00000000 0007FFFF 00000001 00000000 00000118 00000000 0000000C
00E 0CF7A 00000000 00000000 00000000 00000000 00000000 00000000 00000000 0000B520 00006FF1 00000000 0007FFFF 00000001 00000000 00000118 00000000 0000000C
00F 1170D 00000000 00000000 00000000 00000000 00000000 00000000 00000000 0000B520 00006FF1 00000000 0007FFFF 00000001 00000000 00000118 00000000 0000000C
010 00DDB 00000000 00000000 00000000 00000000 00000000 00000000 00000000 0000B520 00006FF1 00000000 0007FFFF 00000001 00000000 00000118 00000000 0000000C
011 00878 00000000 00000000 00000000 00000000 00000000 00000000 00000000 0000B520 00006FF1 00000000 0007FFFF 00000001 00000000 00000119 00000000 0000000C
012 0CF8A 00000000 00000000 00000000 00000000 00000000 00000000 00000000 0000B520 00012511 00000000 0007FFFF 00000001 00000000 00000119 00000000 0000000C
013 1180D 00000000 00000000 00000000 00000000 00000000 00000000 00000000 0000B520 00012511 00000000 0007FFFF 00000001 00000000 00000119 00000000 0000000C
014 00DDB 00000000 00000000 00000000 00000000 00000000 00000000 00000000 0000B520 00012511 00000000 0007FFFF 00000001 00000000 00000119 00000000 0000000C
015 0A10B 00000000 0000000D 00000000 00000000 00000000 00000000 00000000 0000B520 00012511 00000000 0007FFFF 00000001 00000000 0000011A 00000000 0000000C
00D 00778 00000000 00000000 00000000 00000000 00000000 00000000 00000000 0000B520 00012511 00000000 0007FFFF 00000001 00000000 0000011A 00000000 0000000C
00E 0CF7A 00000000 00000000 00000000 00000000 00000000 00000000 00000000 0001DA31 00012511 00000000 0007FFFF 00000001 00000000 0000011A 00000000 0000000C
00F 1170D 00000000 00000000 00000000 00000000 00000000 00000000 00000000 0001DA31 00012511 00000000 0007FFFF 00000001 00000000 0000011A 00000000 0000000C
010 00DDB 00000000 00000000 00000000 00000000 00000000 00000000 00000000 0001DA31 00012511 00000000 0007FFFF 00000001 00000000 0000011A 00000000 0000000C
011 00878 00000000 00000000 00000000 00000000 00000000 00000000 00000000 0001DA31 00012511 00000000 0007FFFF 00000001 00000000 0000011B 00000000 0000000C
012 0CF8A 00000000 00000000 00000000 00000000 00000000 00000000 00000000 0001DA31 0002FF42 00000000 0007FFFF 00000001 00000000 0000011B 00000000 0000000C
013 1180D 00000000 00000000 00000000 00000000 00000000 00000000 00000000 0001DA31 0002FF42 00000000 0007FFFF 00000001 00000000 0000011B 00000000 0000000C
014 00DDB 00000000 00000000 00000000 00000000 00000000 00000000 00000000 0001DA31 0002FF42 00000000 0007FFFF 00000001 00000000 0000011B 00000000 0000000C
015 0A10B 00000000 0000000D 00000000 00000000 00000000 00000000 00000000 0001DA31 0002FF42 00000000 0007FFFF 00000001 00000000 0000011C 00000000 0000000C
00D 00778 00000000 00000000 00000000 00000000 00000000 00000000 00000000 0001DA31 0002FF42 00000000 0007FFFF 00000001 00000000 0000011C 00000000 0000000C
00E 0CF7A 00000000 00000000 00000000 00000000 00000000 00000000 00000000 0004D973 0002FF42 00000000 0007FFFF 00000001 00000000 0000011C 00000000 0000000C
00F 1170D 00000000 00000000 00000000 00000000 00000000 00000000 00000000 0004D973 0002FF42 00000000 0007FFFF 00000001 00000000 0000011C 00000000 0000000C
010 00DDB 00000000 00000000 00000000 00000000 00000000 00000000 00000000 0004D973 0002FF42 00000000 0007FFFF 00000001 00000000 0000011C 00000000 0000000C
011 00878 00000000 00000000 00000000 00000000 00000000 00000000 00000000 0004D973 0002FF42 00000000 0007FFFF 00000001 00000000 0000011D 00000000 0000000C
012 0CF8A 00000000 00000000 00000000 00000000 00000000 00000000 00000000 0004D973 0007D8B5 00000000 0007FFFF 00000001 00000000 0000011D 00000000 0000000C
013 1180D 00000000 00000000 00000000 00000000 00000000 00000000 00000000 0004D973 0007D8B5 00000000 0007FFFF 00000001 00000000 0000011D 00000000 0000000C
014 00DDB 00000000 00000000 00000000 00000000 00000000 00000000 00000000 0004D973 0007D8B5 00000000 0007FFFF 00000001 00000000 0000011D 00000000 0000000C
015 0A10B 00000000 0000000D 00000000 00000000 00000000 00000000 00000000 0004D973 0007D8B5 00000000 0007FFFF 00000001 00000000 0000011E 00000000 0000000C
00D 00778 00000000 00000000 00000000 00000000 00000000 00000000 00000000 0004D973 0007D8B5 00000000 0007FFFF 00000001 00000000 0000011E 00000000 0000000C
00E 0CF7A 00000000 00000000 00000000 00000000 00000000 00000000 00000000 000CB228 0007D8B5 00000000 0007FFFF 00000001 00000000 0000011E 00000000 0000000C
00C 15000 00000000 00000000 00000000 00000000 00000000 00000000 00000000 000CB228 0007D8B5 00000000 0007FFFF 00000001 00000000 0000011E 00000000 0000000C